0.9 0.7 1 10000 2 9
864 1 48 184 150 70 163 130 100 96 48 99 48 61 48 145
371 0 45 0 45 45 45 45 45 45 45 45 45 45 45 45 45 45 45 45 45 45 45 45 45 45 45 45 45 45 45
599 0 42 0 42 42 42 42 42 42 42 42 42 42 42 42 42 42 42 42 42
195 0 24 0 24 24 24 24 24 24 24 24 24 24 24 24 24 24 24 24 24 24 24 24 24 24 24 24 24 24 24 24 24 24 24 24 24 24 24 24 24 24 24 24 24 24 24 24 24 24 24 24 24 24 24 24
918 0 116 0 116 116 116 116 116 116 116 116 116 116 116
290 1 34 100 34 92 96 34 57 34 61 34 67 63 91 34 41 99 76 34 46 34 34 34 34 34 43 34 52 88 37 90 80 58 34 87 59 78 55
624 0 32 0 32 32 32 32 32 32 32 32 32 32 32 32 32 32 32 32 32
887 0 130 0 130 130 130 130 130 130 130 130 130 130 130 130
747 0 66 0 66 66 66 66 66 66 66 66 66 66 66 66 66 66
